newmap 20 2
00 START-> 0
01 Jakarta 1 2000 500 1000 3000 5000
02 Banten 1 700 200 500 1000 3000
03 Serang 1 750 200 600 1200 3200
04 Cilegon 1 2000 500 1000 3000 5000
05 Cirebon 1 2000 500 1000 3000 5000
06 Chance -2
07 Tegal 1 2000 500 1000 3000 5000
08 Aceh 1 2000 500 1000 3000 5000
09 Ternate 1 2000 500 1000 3000 5000
10 Medan 1 2000 500 1000 3000 5000
11 NTT 1 2000 500 1000 3000 5000
12 Bali 1 2000 500 1000 3000 5000
13 Bandung 1 2000 500 1000 3000 5000
14 Jogja 1 2000 500 1000 3000 5000
15 Solo 1 2000 500 1000 3000 5000
16 Chance -2
17 Lombok 1 2000 500 1000 3000 5000
18 Papua 1 2000 500 1000 3000 5000
19 Depok 1 2000 500 1000 3000 5000
20 Bogor 1 2000 500 1000 3000 5000
21 Puncak 1 2000 500 1000 3000 5000
22 Padang 1 2000 500 1000 3000 5000
23 Malang 1 2000 500 1000 3000 5000
24 Jambi 1 2000 500 1000 3000 5000
25 Manado 1 2000 500 1000 3000 5000
26 Ambon 1 2000 500 1000 3000 5000
27 Kudus 1 2000 500 1000 3000 5000
playerstate 0
1 00 30000
2 00 30000